5
291
29
287
1711
801
1753
2227
2265
1613
285
943
269
761
39
517
573
183
49
383
563
587
431
1069
795
905
1667
1769
1329
1507
2591
2691
2877
3423
787
1423
2901
1139
727
1199
275
1081
1573
1537
1291
1643
2711
2041
1235
1611
2089
2261
233
343
311
81
555
403
843
3111
2961
3209
1819
751
897
775
1359
1215
1997
1063
1835
2053
2537
2659
1883
1801
321
983
1361
1909
2889
1431
1905
467
2599
2423
3683
2785
4013
3069
365
1227
13
363
1587
119
123
461
229
547
1415
2035
1617
2051
2513
2713
2273
359
1275
1247
179
295
861
1277
501
207
181
125
375
1417
1647
2383
2437
1441
1515
1751
3767
4019
3675
2133
2189
3105
2405
2871
3853
4123
5361
409
1187
451
923
1745
655
427
391
989
1597
2071
1811
1327
1443
1487
1599
2065
1453
1991
1323
1253
2453
2985
519
223
1167
659
401
463
823
1061
705
877
821
535
591
1325
1287
1425
1591
1749
883
439
417
675
4167
2449
1621
1921
59
387
645
609
1089
1447
1669
2587
2965
3181
3607
3729
537
1575
1045
1685
1609
1735
2445
1987
2465
3257
3323
2851
3339
4819
2013
3983
4411
3169
3053
2207
1871
2651
2667
2983
3091
2781
2373
2825
3167
1087
1579
429
951
1547
2059
3533
3639
2913
3865
4193
4349
2425
4419
4477
4725
4971
5027
4037
3363
4791
4993
5483
5735
6213
4897
6429
6311
6603
3203
3897
4431
4517
4359
4203
5151
5517
5783
6227
5799
6317
7293
6697
6127
5949
5071
5137
6251
6787
7707
7383
6851
6905
7857
7957
7893
6713
7377
5193
6409
4987
5647
4175
4451
3437
4397
3637
5079
5207
5535
5541
6961
7065
5813
5933
6421
5689
5811
5345
5719
7041
6507
7051
7389
6571
7827
7983
6791
7605
6899
5405
5741
5853
7851
7495
5129
2221
1257
1541
2291
2551
3539
3567
3371
2359
3627
3725
3795
2297
2429
2533
2813
3115
2611
4637
6085
4627
3059
3445
4161
4299
3563
3935
3805
4191
4265
4829
7645
5381
4269
4809
5145
4343
5957
6229
5497
6385
6639
7447
7899
7349
7545
6939
5649
5637
5781
6305
6139
6591
7981
7479
4085
5105
5385
5477
5603
6207
5413
5633
1041
2157
5989
7733
2069
4751
6965
7107
2539
1013
831
1149
2401
1767
3011
1451
5317
3685
4413
4887
5625
5857
4395
4535
3309
3343
4741
5415
6619
5419
3377
2559
1471
1967
231
1799
2255
2957
2775
1963
1619
1897
2003
3009
2919
3033
3131
3703
4745
4941
4957
3155
5295
3989
6117
5849
2211
2021
2595
4183
4383
5055
4099
4587
4703
2853
2369
2191
3295
3753
3869
3465
3483
2895
3113
3687
2821
2045
2779
4073
4165
4251
3367
3459
3559
4117
3407
3165
4315
3499
4211
4561
5897
7261
6329
4803
4415
4853
5043
6307
6041
4273
5787
2777
3693
4049
4131
3215
3951
4025
4077
4369
4089
3515
3529
5371
5597
4389
1721
2389
2619
4063
4869
4149
4651
3695
4145
4759
4929
4177
3375
3269
2143
2311
4511
3961
5245
3861
4173
4275
4353
4469
4611
4787
4817
5083
5095
5915
5237
6183
5919
6107
5505
5363
5507
4515
4705
4999
4237
5827
5971
5865
5123
5757
5721
5087
6379
6103
5699
6815
6105
6049
6249
6443
6155
5521
5155
5163
7229
6549
7997
7461
7749
7115
7849
7221
7805
7917
6623
7053
7067
5513
5807
189
1843
3525
4721
3757
3873
4075
2477
2519
2937
3141
3793
4375
4667
4935
4863
3511
4433
3025
3381
3023
3055
3073
3585
3927
1311
4327
4497
5211
5309
5641
4565
6095
7309
7507
6909
6765
4051
4213
5805
6345
4011
4009
4635
4727
5391
5023
5313
5101
5275
4495
5205
5527
5671
5269
5987
6337
5851
5875
6541
7087
6773
6285
6111
6645
6757
7155
7125
7321
6955
6667
7333
7471
7317
6335
6751
7763
6825
6937
7467
7235
7721
6031
5617
6069
6845
7819
7795
5103
6053
6553
5403
5233
5445
6491
6749
7613
6561
6943
7075
6879
6529
5765
6413
6487
6565
7547
6871
7037
7839
7799
7871
7643
7001
7773
6475
6483
6755
7031
7813
6861
7979
7129
7903
6927
7909
7887
7945
6383
7493
7059
7391
7523
7743
7817
7673
5793
7023
7161
7189
7183
7965
7247
7977
6831
6889
6973
7039
7697
7803
7879
7913
7973
7275
6407
7339
6555
5489
