7
497
79
419
151
249
299
1317
1389
2823
1865
1367
1555
2819
2795
3359
4263
5863
2849
637
691
929
1271
1201
2435
717
2483
1817
41
643
103
1557
601
2493
1245
21
941
1493
1339
2841
2649
3247
3679
3495
2275
2319
3279
3965
4615
4541
2671
2679
2943
3109
3077
2285
1653
1533
2239
2931
3261
3713
6133
4621
4677
6011
5955
6981
4321
4965
3469
3711
5033
5035
6181
5929
1923
3855
3411
561
1281
1501
3201
3221
4103
1341
1237
2681
3057
3403
2055
2765
4169
3813
3829
4695
3833
3087
2117
259
677
845
697
931
1015
1049
1125
2127
1743
1123
1779
1943
1983
2697
3013
3329
2723
3893
4153
7417
5607
4205
3741
731
1105
1107
2075
2979
4093
779
85
607
679
889
599
337
319
545
23
265
521
899
2085
261
341
31
629
101
505
1099
919
131
105
1021
1805
2891
1355
313
1719
965
441
1429
999
1405
3003
1633
2639
1793
3195
3923
3227
2997
2235
3809
1131
1255
1375
1387
1465
2017
2205
2269
3161
1791
1727
1867
2147
809
615
271
1495
2115
65
139
1707
1635
1349
121
915
1005
2103
1117
575
711
1715
1789
2847
4081
3125
4151
4543
3127
3527
1213
1391
1981
947
1695
1531
1023
1051
1211
1733
1299
1681
2307
1395
1607
3287
3843
2547
739
1233
2299
2705
2839
3775
4079
4685
5265
4955
4023
4927
4589
3019
3149
3669
4227
4529
3435
3273
5877
5529
2399
2565
2397
4525
4647
6269
5325
4209
4983
5475
6945
2973
3387
2217
4669
5651
7505
4747
6651
4473
4303
3451
3987
4069
3027
4659
2263
2463
2043
1851
2945
2197
3223
3397
4319
4111
583
721
2165
3399
3587
2333
2349
2881
3085
5297
6161
7269
4891
4769
4735
4147
3427
3457
3573
3907
2933
3835
4391
5763
5257
5287
3689
4363
4883
5395
5543
6359
4503
7985
3645
3095
3237
3955
4337
2771
1173
1343
829
1219
2039
1677
2077
2325
2367
2557
2631
4757
1899
3603
6657
6873
3431
3219
2385
4325
4441
4799
4945
4087
5503
5563
5577
5131
5039
5367
5423
6581
6071
6727
6225
4673
7021
5029
5869
6025
4285
6469
6187
5149
6257
3571
6725
6709
5691
4539
6729
7435
7233
7197
6833
7061
7105
7549
7627
7343
7085
7487
7683
4301
5771
6131
6153
6785
6847
7375
7497
7601
5797
7365
5713
7295
7211
7931
6377
6501
6531
7043
7359
7809
7727
7761
6883
6015
4679
3599
3321
3727
6741
4027
4355
6703
5677
5727
6795
5847
6039
5173
5945
4811
4257
5249
4765
7543
7491
5351
6247
6367
3083
2135
1523
2337
2511
2829
2993
4291
3351
4421
5393
5443
7527
7657
4737
4449
5017
5323
5537
5963
2709
4963
6167
5695
6121
7099
6339
6417
7811
7999
6811
5999
7267
7723
7609
6885
6987
7111
6829
7585
7595
7731
7823
3553
4835
5037
6763
7563
6753
7959
6673
7511
7305
7611
7283
6735
6867
7715
7927
5975
7385
7665
6511
6911
7311
7655
4915
3207
3705
4917
4693
4763
5119
2655
5457
5077
6353
6533
7337
6297
7145
7327
7437
7747
6711
6895
7745
5701
7735
5293
5555
6453
6995
7885
7427
6493
6219
7933
6701
7113
7369
7253
1875
1585
1401
1461
1543
2577
2621
5183
3749
5907
7231
1689
6271
7173
7635
7841
3589
6395
7667
7709
3007
