1
155
423
663
1031
1265
1043
699
99
837
737
51
411
1641
865
2371
2653
559
729
53
1459
1645
1065
2029
1911
2155
2201
3259
3577
4455
4057
3299
3887
3555
2507
1683
3317
3721
1665
1885
2553
2807
3487
4197
3841
1225
5501
2049
47
539
1701
1729
1913
961
15
685
903
1823
927
1153
2097
2283
4233
2209
3005
3773
2731
3251
2801
1301
825
1777
1965
2067
2313
4839
1205
405
781
1035
1113
1161
2215
1433
2413
3707
3777
2375
2439
4709
3895
4159
5621
7009
6991
4981
5061
3877
4895
5107
4035
2403
1567
2061
2811
757
747
975
1629
453
303
597
1137
1179
1725
1849
1839
1989
2171
1315
1933
83
149
491
191
437
589
1189
1505
2093
1509
2023
2963
2271
2661
4119
3811
235
1457
1025
895
257
2081
2259
1565
1133
1369
1657
1755
2329
1203
3061
2563
2905
3443
2675
3789
3101
3787
4195
2199
2433
603
525
97
613
289
529
353
937
875
1071
1001
1229
1353
1473
959
1073
1475
1737
2011
2305
3311
2641
3507
2767
2939
879
1625
1357
315
185
335
163
147
193
917
93
373
581
701
1217
921
1223
859
1033
1879
2321
2355
397
447
797
669
1297
1331
2875
551
639
3187
1539
17
157
847
881
767
1595
1947
445
395
1485
1673
1581
1901
2737
2935
3015
5373
6679
3391
3743
3365
2409
1407
1775
1731
1671
1583
2219
2459
3297
3241
5973
3305
2377
2589
2747
3135
3231
3079
2809
1687
2161
2455
2673
2225
2479
2947
3745
3107
3751
4333
4649
3901
3263
3651
3401
4453
4607
4097
4407
4443
4801
4867
3249
3857
4417
3783
5011
5093
2923
3189
5493
5481
3723
5599
4485
5255
5587
4825
4823
4675
5025
5057
7863
5823
5117
3093
1589
3613
3959
3977
3575
2415
4129
4509
4135
2953
4731
4755
5703
5921
5925
6891
7185
4101
3903
1959
3429
3657
4055
3967
4127
4289
4899
4445
1757
2123
2657
3123
4979
4537
4655
4689
4347
4857
4859
6457
6327
5431
5359
3847
4249
3139
4805
1741
2467
3357
3361
1445
1019
593
425
693
1837
1295
2175
3817
2497
3017
835
1979
2729
3389
3981
6137
7397
7413
7785
4083
2495
1491
2549
4483
4771
987
1163
1881
3041
4699
6331
5447
2797
4623
5109
5725
6441
1845
1939
4179
3883
2955
4881
3953
3509
3899
4065
4463
4681
4715
4975
6199
6643
5063
4033
4501
4613
3163
3513
671
777
1797
2113
2223
483
1559
661
543
1363
1809
1497
3663
4335
4513
2245
2941
3199
3395
1877
2195
2833
2733
3185
2637
5169
3889
4223
4665
6455
6941
3493
3449
2289
2799
3489
4059
127
1307
2431
2481
3071
2027
2911
3501
3441
3583
3677
3791
3505
5049
5271
5013
5311
5711
5803
5991
6575
6477
6723
6579
6835
5845
5613
5911
6237
6817
6837
7117
7351
7915
7571
6863
7141
7073
5375
6969
5913
7089
7653
7509
7581
7771
7501
7677
6371
6975
7419
7789
7559
7291
5421
4837
3699
3665
3747
5223
3659
4671
4713
6129
5545
5881
6505
6601
7149
5939
4831
5073
5113
4029
3719
5267
5723
5893
6373
7891
5903
4365
4245
4683
4461
3641
4557
4405
4225
4261
4493
4505
6319
3891
3633
3819
713
2251
415
283
1545
75
1351
1027
1303
1193
389
611
1165
1795
2151
2301
2441
2949
3063
3325
3467
1481
3143
1305
3313
3405
3845
1221
1889
2087
3447
3879
3653
4641
3245
3485
4393
4569
3243
3771
4907
4921
5007
5127
5143
4107
4425
5259
5605
5565
5417
5685
5627
6543
5047
3831
4143
4951
6589
7191
7637
3393
2353
2411
4527
2787
4761
4947
5495
5653
6557
7209
4813
6393
4017
4609
4633
5461
6983
7137
6933
5791
6361
6239
4919
5289
5213
5733
5609
4691
4595
4821
4847
5573
6625
6211
7717
5817
5959
6291
6509
6063
5343
6273
6375
7485
6349
6767
6893
7991
7483
7859
7101
6707
7619
7777
6149
6281
7121
7829
7929
7287
7759
7729
6513
6715
7775
7855
7481
7281
7147
7921
6637
4313
5225
5631
5523
6003
4903
5197
5663
5879
5901
6827
6665
6547
5873
7367
7251
6951
6809
6585
7881
7901
5753
5899
6461
6583
7639
6849
6287
803
7131
345
1365
407
1853
2381
2967
2521
3233
3353
3913
6343
6907
7035
4653
7575
7407
7793
7911
7353
7519
7989
6265
7381
6717
5575
6915
7277
7451
7521
7433
5709
5251
6567
6869
7455
7533
7671
7711
5147
6789
7025
6097
4789
5031
5737
6503
6027
5229
4487
5387
5611
5133
6699
6881
7783
7587
7279
7081
7631
5199
5697
6233
6677
6745
7097
7593
7259
6685
7215
7303
6781
5219
7055
5485
4959
5779
4711
5003
5139
5553
5407
4121
4775
3593
4643
5549
5571
5639
5979
6075
6693
5833
6253
6801
7175
7127
7661
7319
7213
7801
7703
6099
5655
6963
7403
7525
7387
4661
5645
6255
6171
5435
6147
6313
6521
6437
7135
7361
7713
7725
7779
6473
