3
839
1863
305
1313
1887
2327
2571
4865
6205
1519
433
955
1655
3281
2351
1693
115
443
3655
161
945
1147
1821
2231
2567
279
87
371
733
325
1011
827
33
773
853
1249
2927
1525
791
1007
351
1551
1951
893
339
891
2203
205
969
109
935
1333
2915
2585
165
171
2525
1197
1075
2163
785
819
2105
857
1263
1691
1771
1973
2183
4719
2805
3049
3145
5081
1993
2193
873
1371
1103
2597
2861
2663
3205
4733
3557
3691
3755
2981
3919
4053
4893
4481
5115
6295
5585
5041
6261
6023
6351
1937
2999
3579
4305
4399
3969
4491
5171
5279
4877
3815
3971
3995
361
1055
1241
177
2387
2977
2443
307
963
1181
815
1185
1841
1861
2073
2573
2139
571
1251
1639
2331
4739
5531
2473
3425
4629
6093
5777
5997
2683
5253
5399
6419
6497
6721
7539
805
169
623
2583
3229
3717
3631
2179
2623
3413
3807
4439
4625
5439
3871
5331
4241
2457
2345
1517
3737
4619
6277
1057
1419
1615
1969
2615
4259
6217
5191
3797
4559
4923
5839
5935
6593
7307
7423
7969
3031
7091
6293
6005
5401
6369
6449
6855
5731
3837
4911
3051
765
1411
2817
3801
2617
5307
5579
7003
7143
5557
1489
5619
4931
6315
5947
6923
7335
6959
6921
7239
6471
6203
4519
7077
4793
2515
1053
1971
469
267
1917
2229
2757
3661
7133
2987
4385
585
631
4617
5749
5789
7329
769
3099
4201
7475
3157
7687
5263
6599
7167
5679
6191
7355
7853
5819
2241
5449
5277
5681
3301
5887
6875
7151
7647
7561
7719
7765
7027
7569
7905
7225
6035
7203
7875
7629
63
2887
3537
3681
3921
871
1663
1931
3945
1785
1945
2475
1891
2323
2645
3909
683
1773
3917
3931
4277
4437
6231
7597
5961
6669
5595
3939
7415
7603
7741
7615
5693
6275
7689
7963
4997
5349
5427
5567
5871
7395
7313
5895
4219
4371
4905
6109
6857
6427
5453
6177
5159
6263
6759
6659
1195
1759
385
111
1079
2037
2427
2531
3289
1067
531
3255
689
1627
1857
1975
2541
2213
2335
2685
2827
4041
3957
3421
4047
3475
3911
4815
5217
3601
2111
2167
3029
3253
3671
2009
2249
3825
4545
5283
5181
6019
5303
7171
6333
5659
7445
6201
4553
4723
6303
4949
4243
5009
5185
5231
5559
6641
6459
2555
1829
1893
2031
2303
2719
5747
6113
5015
5177
6971
7263
7017
5471
5319
6189
3477
7739
7897
5519
5045
5591
6919
7567
7163
7517
7691
7967
6403
3565
6465
6537
6221
6245
7005
7599
7943
7401
7757
6587
6539
6467
6859
7071
7821
7669
7649
7675
7971
7499
4885
5195
5923
3867
1129
5089
7431
7753
6185
4845
2783
2883
2447
2743
3333
55
3461
3541
5669
4125
6519
4639
6081
6799
6803
5241
7271
73
925
991
11
625
1427
493
449
621
743
237
347
175
3117
807
1009
69
247
1961
3089
3121
3303
2233
2339
3275
3531
4071
5379
5409
6675
1577
1907
2083
317
1017
25
1143
2361
2721
1855
4523
2579
1029
3937
515
755
849
77
45
117
329
1243
1631
1637
3625
3647
3419
5965
4427
5837
5355
4767
1413
5835
173
979
1109
1603
1929
2491
1713
3581
4841
4351
5085
5729
6073
5855
6299
6687
6719
5097
6949
6843
7255
6545
7837
3635
3697
1399
4777
4797
5189
3331
5243
4113
2099
1337
1003
789
1593
2287
3037
3417
195
653
1319
2687
2917
2951
3439
3765
5515
4217
5383
2909
2991
4939
3039
3345
5019
3591
4729
4807
6631
5615
6405
6033
5299
5179
5473
5643
5665
6215
6485
2717
6989
7079
6611
6563
5969
4631
2277
2859
3225
3731
4045
6903
3733
7411
7019
5273
5761
7177
7439
2907
7227
5751
7325
7679
6157
7123
3615
4341
5581
6163
7515
7541
6671
6739
7865
7941
7651
6613
6807
5809
7961
6525
6901
7825
6397
6283
3153
7181
7223
7877
7399
5629
6089
6435
7583
1321
7459
7153
4189
6769
3595
7617
457
617
749
167
381
651
1177
553
489
569
907
993
1383
1957
2451
953
933
641
745
323
113
133
367
533
981
1675
1813
243
511
977
1093
2295
985
485
19
27
567
841
1661
793
1095
1169
619
301
667
681
673
799
475
57
349
413
707
885
913
949
813
1209
503
1273
1529
2057
2253
1705
1919
2701
187
1157
1231
725
753
1059
1787
2033
1155
1999
2173
2159
1941
2137
1601
1421
1455
1469
1503
1571
1723
2393
2769
2879
3545
2863
2101
2109
2267
2741
2527
2989
2379
3043
2095
1283
1561
1521
2417
1569
2395
2715
2745
2761
3763
3999
2485
2899
2665
4551
4991
4973
3191
3235
4827
3547
4833
4933
5589
5357
3859
2247
3137
4015
3649
2749
2187
2633
2421
2735
1279
3781
2959
3715
3497
2867
3147
1135
3177
3173
3471
4031
4061
3925
5125
2903
7047
3851
5467
5927
6655
6897
5525
5329
2725
5441
5397
5687
4247
6009
6051
6391
7607
7443
6841
7701
6705
7195
7205
7421
6021
4283
5425
5743
6289
4475
4549
5937
6123
6691
6045
5509
6747
7165
7623
7429
7577
7663
7987
6779
6355
3643
3097
3175
3211
3933
2635
2501
2627
2407
2257
2461
1739
759
399
647
855
1309
2357
2317
5465
2419
2487
1261
211
1037
393
1651
605
477
89
715
1477
971
227
817
1115
215
465
327
129
357
1159
263
579
43
507
1763
1783
1895
2237
811
67
649
867
1381
1511
1605
1869
2243
4603
4221
2739
3349
4381
1925
1111
1709
2699
2753
2803
1949
763
627
541
1859
2751
2873
2505
1121
2119
2121
2489
2643
2759
3271
2063
3291
3543
4267
1847
1697
1293
4005
3067
4235
4003
4447
4555
5547
5433
4577
2293
1649
2079
2669
2773
2925
3171
2995
3739
4387
5759
6065
6979
3481
2647
4279
4969
4785
4507
7063
7109
7449
6135
7179
7693
5157
5745
5951
5469
5977
7093
5337
2603
91
1513
4717
4021
4253
4295
4307
5291
5795
4861
4913
5459
3905
369
245
851
741
241
635
901
1467
255
995
203
421
107
219
143
499
1267
735
1335
1171
479
495
887
1183
1807
709
1377
1977
1151
221
61
695
523
1077
1717
253
833
1679
2469
2693
565
577
967
1085
2517
2921
3001
2181
2177
2499
2535
3341
3941
4985
5739
5499
5111
3521
199
213
783
973
1765
2185
2343
1527
1345
2503
3315
3947
3963
5069
2001
3151
3759
3491
3479
1833
2153
1373
1761
1347
1449
141
225
2149
3047
1825
1127
723
1097
1463
3337
3609
3827
3985
2015
911
2005
2341
2857
2609
2897
3335
1385
3307
3179
3617
3619
3701
3463
3885
3667
6017
2831
2523
2845
3021
3133
3159
3327
4137
4155
4109
3709
3863
3803
1781
2363
2581
3277
3193
3129
3523
4115
4753
4871
3239
4379
4531
4779
4499
4591
4657
4855
5059
5075
4239
4141
4157
5831
5941
5943
6633
4215
3799
4067
4547
4943
4043
5305
4489
5451
3561
5099
4293
4579
4687
4707
5769
5801
5867
6821
6463
5235
4909
5601
6143
6341
5821
5209
6301
6325
4663
5001
4409
5141
5161
5167
5247
5227
6389
5715
6321
6997
7331
7393
5773
7473
6125
6145
5815
6243
6605
6425
6559
6771
7565
7975
7095
7781
5455
5623
5067
5859
5429
5347
5775
6479
6223
7453
6423
6681
6595
6661
5675
7057
4593
7699
7323
6777
7513
7737
7045
7069
7289
7555
4967
7951
7949
7463
6733
7529
7659
7685
7947
7787
7029
6347
6489
6805
6551
6731
6775
7015
7273
7347
7591
7049
7925
7187
7767
5931
6451
6179
7883
6609
6813
7535
7937
7633
5551
7477
7835
5333
4467
5339
5985
6241
6067
6209
7845
6695
7341
6115
4601
6047
7953
6569
4311
4879
2763
3473
4701
3973
6043
6481
7363
7861
2347
3319
3821
2815
2509
3183
2471
2677
3605
4199
3383
2865
3355
4095
4231
4255
4181
3385
5215
5667
4459
4271
2279
1549
1091
1955
2169
2315
2689
6323
4645
4039
4329
4563
4567
6607
4901
4403
5583
3551
3035
4457
4697
4995
5021
5203
6159
5829
5909
7157
4605
4843
6433
6495
6499
6627
6683
7207
7241
6439
5281
6431
2365
3217
3373
4105
4585
2281
3779
4479
4873
4989
4977
5511
5153
5981
6935
7033
6649
6839
7681
7119
6783
6953
7193
6635
7357
7217
7923
5239
5365
6387
6577
6737
4581
5315
6059
1927
2593
4091
4229
4925
5175
5683
5261
6357
6309
6517
6527
6819
6091
6401
6535
6617
5767
7245
6957
6993
7083
7371
7409
7955
5121
7831
6877
6865
1435
6573
7995
7011
7797
7315
7301
7201
7791
4781
5717
5165
6007
6985
7457
7465
6797
7265
7425
7621
7373
7873
7695
7867
6365
7641
7219
7993
6615
7441
7553
6169
5885
6929
7345
4889
5905
7013
7199
7503
1873
